366
822
799
749
646
975
574
686
989
139
168
941
419
96
156
42
494
668
133
602
94
856
681
747
2
246
670
682
724
509
929
871
759
460
402
563
512
365
220
501
543
87
938
935
527
489
529
302
250
172
712
206
873
932
128
337
297
481
730
397
547
858
266
18
315
262
910
669
503
507
144
922
599
524
154
519
458
672
994
479
579
881
335
933
544
473
956
868
904
25
701
258
697
855
484
952
7
828
121
476
797
383
699
593
119
461
551
779
652
985
247
374
718
565
351
510
517
349
857
59
146
773
865
33
320
648
116
745
203
40
453
755
609
613
833
954
734
153
737
20
279
895
417
464
98
405
291
727
849
592
541
721
82
216
420
24
259
707
130
757
328
762
412
545
323
568
550
578
236
706
269
222
367
44
878
248
296
903
637
285
62
888
764
990
859
470
49
839
430
716
117
151
295
160
252
244
999
180
760
680
286
883
957
56
842
275
587
549
789
255
17
964
165
693
339
600
555
54
142
870
76
882
330
298
940
516
138
104
186
200
497
416
671
513
467
449
711
58
901
889
301
908
867
375
778
398
739
183
472
380
820
205
294
239
348
201
787
12
131
196
615
610
765
210
588
806
115
173
807
742
864
93
628
400
289
393
732
427
974
553
754
3
630
899
471
735
564
928
909
817
379
621
539
691
369
891
45
463
6
770
32
282
480
511
893
261
751
378
585
207
63
557
113
987
70
21
370
977
649
344
334
159
506
265
661
311
27
346
426
792
372
898
499
740
190
79
435
710
382
111
490
103
345
719
531
897
26
847
982
343
844
316
77
245
126
569
177
815
874
785
403
790
836
596
249
818
966
308
388
387
389
257
219
314
639
949
556
410
583
30
368
135
552
821
948
500
10
679
804
221
725
377
606
860
350
644
731
653
68
317
581
607
277
238
826
287
911
993
495
837
47
143
784
591
324
189
169
657
384
95
141
566
961
575
861
780
876
441
660
863
425
444
482
198
618
708
241
401
950
502
880
616
52
694
532
665
4
498
413
823
325
811
457
50
466
641
242
561
341
496
736
722
492
746
918
178
980
195
984
605
916
872
434
766
235
643
485
179
688
533
595
675
243
92
192
824
924
683
692
951
972
663
638
535
303
174
611
831
521
655
